0       0.136364
1       0.030303
2       0.090909
3       0.090909
4       0.030303
5       0.121212
6       0.075758
7       0.030303
8       0.136364
9       0.015152
10      0.000000
11      0.136364
12      0.000000
13      0.136364
14      0.015152
15      0.106061
16      0.060606
17      0.136364
18      0.075758
19      0.090909
20      0.075758
21      0.121212
22      0.075758
23      0.090909
24      0.030303
25      0.075758
26      0.075758
27      0.106061
28      0.015152
29      0.075758
          ...   
4970    0.030303
4971    0.015152
4972    0.121212
4973    0.121212
4974    0.136364
4975    0.136364
4976    0.045455
4977    0.030303
4978    0.121212
4979    0.000000
4980    0.000000
4981    0.121212
4982    0.000000
4983    0.000000
4984    0.000000
4985    0.000000
4986    0.090909
4987    0.060606
4988    0.030303
4989    0.090909
4990    0.136364
4991    0.015152
4992    0.121212
4993    0.045455
4994    0.015152
4995    0.015152
4996    0.045455
4997    0.030303
4998    0.136364
4999    0.000000
Name: rating, Length: 5000, dtype: float64
      user_id  song_id    rating
0         422      955  0.136364
1          26     2260  0.030303
2         814     4608  0.090909
3         566     3227  0.090909
4         374      892  0.030303
5         105     4770  0.121212
6         761      512  0.075758
7         297      124  0.030303
8         130     1013  0.136364
9         435     4268  0.015152
10        382      179  0.000000
11        729     1154  0.136364
12        579     1982  0.000000
13        347     2388  0.136364
14        653      875  0.015152
15        927     3992  0.106061
16        330     3264  0.060606
17        956     4120  0.136364
18        944     3086  0.075758
19        565     2242  0.090909
20        985     4493  0.075758
21        188     4253  0.121212
22        938     2586  0.075758
23        747      376  0.090909
24        672     4502  0.030303
25        950     3393  0.075758
26        920     2931  0.075758
27        208     3084  0.106061
28        671     2443  0.015152
29        317     3551  0.075758
...       ...      ...       ...
4970      625      189  0.030303
4971      892     4885  0.015152
4972      783     1310  0.121212
4973      525     1213  0.121212
4974      563     2211  0.136364
4975       81     3982  0.136364
4976       71     4274  0.045455
4977      868     3729  0.030303
4978      760     4384  0.121212
4979      274     3882  0.000000
4980      180     3217  0.000000
4981      300     2405  0.121212
4982      278     3699  0.000000
4983      961     1440  0.000000
4984      251     1851  0.000000
4985      280       69  0.000000
4986      459     2829  0.090909
4987      860     2606  0.060606
4988      691      656  0.030303
4989      463     4866  0.090909
4990      804     2889  0.136364
4991      702     4280  0.015152
4992      298     4577  0.121212
4993      871     2750  0.045455
4994      140     2987  0.015152
4995      648     2697  0.015152
4996      301      470  0.045455
4997       20     2161  0.030303
4998      728     4153  0.136364
4999      952     1045  0.000000

[5000 rows x 3 columns]
   user_id  song_id    rating
0      422      955  0.136364
1       26     2260  0.030303
2      814     4608  0.090909
3      566     3227  0.090909
4      374      892  0.030303
song_id  1     2     4     7     9     10    11    13    14    16    ...   \
user_id                                                              ...    
1         0.0   0.0   0.0   0.0   0.0   0.0   0.0   0.0   0.0   0.0  ...    
2         0.0   0.0   0.0   0.0   0.0   0.0   0.0   0.0   0.0   0.0  ...    
3         0.0   0.0   0.0   0.0   0.0   0.0   0.0   0.0   0.0   0.0  ...    
4         0.0   0.0   0.0   0.0   0.0   0.0   0.0   0.0   0.0   0.0  ...    
5         0.0   0.0   0.0   0.0   0.0   0.0   0.0   0.0   0.0   0.0  ...    

song_id  4986  4987  4988  4989  4990  4991  4992  4996  4997  4998  
user_id                                                              
1         0.0   0.0   0.0   0.0   0.0   0.0   0.0   0.0   0.0   0.0  
2         0.0   0.0   0.0   0.0   0.0   0.0   0.0   0.0   0.0   0.0  
3         0.0   0.0   0.0   0.0   0.0   0.0   0.0   0.0   0.0   0.0  
4         0.0   0.0   0.0   0.0   0.0   0.0   0.0   0.0   0.0   0.0  
5         0.0   0.0   0.0   0.0   0.0   0.0   0.0   0.0   0.0   0.0  

[5 rows x 3164 columns]
<gensim.matutils.Dense2Corpus object at 0x7fdeadae6c50>




Sigma


[1.0251741  0.35999819 0.34689615]




U


[[ 3.04263925e-05 -1.10042829e-02 -2.37701222e-03]
 [-4.59834840e-05 -5.65158629e-03 -2.95420801e-02]
 [ 3.89632576e-05 -3.60949182e-03 -8.08350783e-04]
 ...
 [-5.62875667e-06 -1.00617407e-03 -7.40781721e-03]
 [-2.89249654e-05 -2.17654377e-03 -1.45977573e-03]
 [ 6.81607378e-07 -1.25317872e-03 -6.20590495e-04]]




VT


[[ 0.00000000e+00  0.00000000e+00  0.00000000e+00]
 [-3.20252473e-07 -1.28975708e-04  8.99742436e-04]
 [ 9.04694736e-07 -2.20692029e-03 -6.89831437e-04]
 ...
 [ 1.11443535e-07  7.04890690e-05  6.39869909e-04]
 [ 7.54157384e-06 -2.00423955e-03 -1.21762909e-03]
 [ 0.00000000e+00  0.00000000e+00  0.00000000e+00]]
